0 8
1 1
2 3
3 8
4 1
5 3
6 1
7 1
8 8
9 4
10 4
11 7
12 8
13 8
14 7
15 1
16 1
17 3
18 7
19 0
20 6
21 7
22 3
23 8
24 7
25 8
26 8
27 7
28 3
29 4
30 3
31 7
32 8
33 8
34 1
35 1
36 3
37 7
38 4
39 0
40 8
41 9
42 8
43 3
44 6
45 1
46 0
47 8
48 6
49 0
50 3
51 7
52 0
53 0
54 6
55 3
56 8
57 8
58 9
59 3
60 0
61 0
62 6
63 9
64 3
65 4
66 1
67 8
68 8
69 9
70 3
71 8
72 8
73 8
74 3
75 8
76 9
77 6
78 4
79 1
80 8
81 3
82 1
83 9
84 1
85 3
86 3
87 3
88 5
89 8
90 0
91 6
92 3
93 7
94 8
95 7
96 3
97 0
98 3
99 1
100 3
101 0
102 3
103 1
104 3
105 0
106 4
107 7
108 4
109 1
110 3
111 1
112 7
113 2
114 0
115 1
116 3
117 4
118 0
119 2
120 6
121 2
122 0
123 3
124 8
125 5
126 6
127 7
128 8
129 8
130 3
131 3
132 8
133 0
134 4
135 6
136 1
137 6
138 3
139 3
140 0
141 3
142 7
143 3
144 8
145 1
146 1
147 0
148 0
149 1
150 4
151 7
152 0
153 2
154 5
155 7
156 1
157 6
158 7
159 8
160 1
161 7
162 5
163 8
164 7
165 7
166 7
167 0
168 7
169 6
170 8
171 1
172 0
173 1
174 1
175 1
176 0
177 3
178 4
179 5
180 6
181 3
182 0
183 5
184 1
185 3
186 1
187 2
188 5
189 2
190 5
191 2
192 2
193 0
194 3
195 8
196 8
197 3
198 2
199 0
200 4
201 7
202 5
203 3
204 3
205 3
206 2
207 6
208 5
209 6
210 2
211 4
212 4
213 5
214 6
215 8
216 4
217 6
218 4
219 2
220 2
221 8
222 7
223 7
224 8
225 8
226 8
227 8
228 8
229 1
230 3
231 8
232 3
233 7
234 4
235 6
236 3
237 7
238 4
239 7
240 8
241 3
242 8
243 1
244 9
245 7
246 8
247 4
248 3
249 5
250 8
251 3
252 8
253 3
254 8
255 3
256 3
257 3
258 8
259 8
260 3
261 3
262 3
263 8
264 3
265 3
266 3
267 8
268 8
269 8
270 2
271 2
272 7
273 8
274 3
275 1
276 7
277 3
278 3
279 3
280 8
281 3
282 8
283 3
284 3
285 8
286 3
287 7
288 3
289 3
290 3
291 3
292 7
293 5
294 8
295 7
296 9
297 0
298 8
299 9
300 3
301 8
302 8
303 8
304 8
305 8
306 8
307 4
308 4
309 6
310 3
311 3
312 8
313 8
314 3
315 5
316 1
317 2
318 4
319 2
320 5
321 4
322 2
323 4
324 8
325 4
326 2
327 2
328 2
329 2
330 1
331 8
332 7
333 0
334 3
335 7
336 6
337 7
338 3
339 4
340 0
341 3
342 0
343 1
344 7
345 0
346 5
347 7
348 4
349 8
350 1
351 3
352 0
353 6
354 1
355 8
356 3
357 6
358 5
359 4
360 7
361 4
362 3
363 2
364 0
365 0
366 0
367 0
368 0
369 0
370 7
371 0
372 0
373 7
374 3
375 1
376 6
377 3
378 1
379 7
380 8
381 3
382 5
383 6
384 8
385 7
386 5
387 5
388 5
389 6
390 8
391 3
392 6
393 0
394 7
395 3
396 0
397 3
398 4
399 3
400 8
401 3
402 6
403 8
404 2
405 1
406 1
407 9
408 1
409 3
410 9
411 0
412 7
413 6
414 3
415 3
416 5
417 8
418 3
419 0
420 2
421 8
422 7
423 7
424 5
425 8
426 0
427 1
428 1
429 6
430 1
431 8
432 1
433 0
434 9
435 8
436 8
437 0
438 0
439 4
440 1
441 8
442 8
443 8
444 3
445 4
446 6
447 8
448 1
449 4
450 5
451 6
452 3
453 8
454 9
455 8
456 4
457 5
458 4
459 2
460 1
461 5
462 1
463 2
464 1
465 3
466 1
467 2
468 4
469 6
470 6
471 1
472 4
473 0
474 1
475 1
476 6
477 0
478 3
479 1
480 9
481 9
482 5
483 1
484 1
485 6
486 1
487 1
488 0
489 4
490 0
491 8
492 0
493 9
494 5
495 1
496 8
497 8
498 8
499 0
500 7
501 6
502 3
503 8
504 8
505 1
506 0
507 6
508 4
509 7
510 3
511 5
512 3
513 6
514 6
515 8
516 4
517 0
518 8
519 6
520 8
521 5
522 5
523 1
524 1
525 8
526 3
527 7
528 6
529 1
530 1
531 1
532 1
533 5
534 6
535 5
536 2
537 1
538 1
539 0
540 0
541 5
542 1
543 4
544 3
545 8
546 5
547 8
548 8
549 3
550 7
551 3
552 5
553 4
554 8
555 9
556 8
557 0
558 2
559 7
560 4
561 4
562 4
563 8
564 1
565 0
566 7
567 0
568 0
569 6
570 3
571 5
572 5
573 6
574 9
575 4
576 4
577 1
578 1
579 1
580 7
581 1
582 1
583 1
584 1
585 5
586 5
587 1
588 7
589 5
590 8
591 6
592 8
593 6
594 6
595 7
596 1
597 5
598 1
599 5
600 7
601 8
602 7
603 1
604 8
605 5
606 8
607 3
608 7
609 8
610 6
611 7
612 7
613 8
614 7
615 6
616 3
617 7
618 3
619 5
620 8
621 8
622 5
623 8
624 7
625 7
626 8
627 8
628 3
629 7
630 8
631 5
632 5
633 1
634 5
635 7
636 6
637 5
638 3
639 1
640 5
641 4
642 6
643 3
644 2
645 5
646 6
647 5
648 8
649 5
650 5
651 2
652 0
653 3
654 8
655 7
656 4
657 3
658 3
659 4
660 3
661 3
662 0
663 6
664 2
665 4
666 6
667 1
668 3
669 4
670 3
671 7
672 2
673 3
674 9
675 6
676 4
677 1
678 5
679 9
680 3
681 4
682 0
683 9
684 4
685 9
686 2
687 3
688 3
689 0
690 2
691 9
692 3
693 5
694 5
695 0
696 5
697 4
698 0
699 1
700 4
701 4
702 4
703 4
704 1
705 7
706 3
707 8
708 6
709 7
710 5
711 4
712 9
713 6
714 7
715 4
716 0
717 3
718 5
719 3
720 0
721 8
722 0
723 3
724 3
725 8
726 4
727 2
728 3
729 5
730 2
731 6
732 9
733 5
734 9
735 9
736 7
737 0
738 6
739 5
740 0
741 0
742 9
743 3
744 4
745 4
746 8
747 3
748 1
749 8
750 1
751 3
752 3
753 3
754 3
755 0
756 3
757 0
758 0
759 9
760 5
761 4
762 8
763 3
764 0
765 8
766 1
767 3
768 0
769 3
770 0
771 3
772 8
773 0
774 4
775 1
776 7
777 1
778 3
779 8
780 0
781 0
782 3
783 1
784 8
785 3
786 0
787 3
788 3
789 3
790 3
791 8
792 3
793 1
794 3
795 1
796 8
797 8
798 8
799 3
800 1
801 8
802 6
803 1
804 1
805 0
806 9
807 9
808 1
809 1
810 3
811 6
812 4
813 6
814 5
815 4
816 6
817 5
818 0
819 5
820 1
821 1
822 1
823 8
824 2
825 3
826 8
827 7
828 3
829 4
830 2
831 9
832 8
833 7
834 3
835 0
836 8
837 7
838 3
839 6
840 0
841 0
842 9
843 9
844 5
845 4
846 3
847 1
848 0
849 3
850 4
851 5
852 1
853 6
854 4
855 1
856 0
857 8
858 5
859 5
860 0
861 1
862 5
863 5
864 1
865 6
866 4
867 8
868 5
869 1
870 8
871 7
872 8
873 3
874 0
875 1
876 3
877 5
878 3
879 3
880 1
881 6
882 1
883 7
884 8
885 3
886 8
887 7
888 3
889 3
890 8
891 3
892 4
893 5
894 5
895 0
896 1
897 1
898 3
899 3
900 6
901 4
902 4
903 8
904 9
905 4
906 1
907 8
908 9
909 6
910 5
911 2
912 2
913 6
914 8
915 3
916 6
917 3
918 3
919 9
920 6
921 4
922 0
923 4
924 9
925 9
926 6
927 4
928 9
929 2
930 6
931 6
932 6
933 3
934 8
935 0
936 6
937 2
938 6
939 0
940 4
941 4
942 3
943 7
944 1
945 3
946 3
947 2
948 6
949 3
950 3
951 0
952 3
953 5
954 2
955 3
956 8
957 3
958 6
959 7
960 3
961 5
962 4
963 2
964 0
965 8
966 9
967 0
968 0
969 1
970 8
971 5
972 2
973 4
974 5
975 5
976 2
977 2
978 2
979 0
980 3
981 3
982 8
983 7
984 3
985 3
986 3
987 0
988 8
989 6
990 6
991 3
992 7
993 7
994 4
995 8
996 3
997 3
998 3
999 0
1000 0
1001 3
1002 6
1003 5
1004 4
1005 5
1006 7
1007 8
1008 3
1009 7
1010 3
1011 2
1012 3
1013 3
1014 4
1015 4
1016 3
1017 0
1018 2
1019 2
1020 3
1021 0
1022 3
1023 6
1024 3
1025 7
1026 4
1027 7
1028 3
1029 7
1030 0
1031 3
1032 3
1033 5
1034 4
1035 4
1036 6
1037 8
1038 3
1039 5
1040 3
1041 0
1042 0
1043 4
1044 8
1045 6
1046 6
1047 2
1048 4
1049 7
1050 0
1051 2
1052 3
1053 2
1054 6
1055 6
1056 8
1057 0
1058 4
1059 6
1060 3
1061 3
1062 7
1063 3
1064 3
1065 4
1066 3
1067 0
1068 4
1069 4
1070 4
1071 3
1072 7
1073 1
1074 5
1075 3
1076 3
1077 6
1078 9
1079 0
1080 6
1081 8
1082 0
1083 3
1084 2
1085 0
1086 2
1087 2
1088 4
1089 6
1090 8
1091 4
1092 5
1093 5
1094 6
1095 3
1096 6
1097 6
1098 8
1099 1
1100 7
1101 7
1102 4
1103 0
1104 6
1105 3
1106 4
1107 0
1108 0
1109 8
1110 3
1111 6
1112 3
1113 0
1114 6
1115 8
1116 3
1117 8
1118 0
1119 0
1120 6
1121 2
1122 4
1123 4
1124 5
1125 5
1126 2
1127 4
1128 4
1129 6
1130 4
1131 0
1132 5
1133 4
1134 5
1135 9
1136 4
1137 1
1138 5
1139 0
1140 5
1141 0
1142 8
1143 8
1144 3
1145 4
1146 0
1147 4
1148 4
1149 6
1150 0
1151 3
1152 0
1153 4
1154 4
1155 2
1156 0
1157 3
1158 4
1159 4
1160 3
1161 6
1162 3
1163 5
1164 0
1165 4
1166 1
1167 4
1168 6
1169 6
1170 4
1171 0
1172 7
1173 1
1174 2
1175 7
1176 4
1177 6
1178 7
1179 7
1180 2
1181 0
1182 3
1183 9
1184 0
1185 5
1186 7
1187 5
1188 8
1189 6
1190 8
1191 3
1192 0
1193 9
1194 4
1195 6
1196 5
1197 6
1198 3
1199 8
1200 0
1201 0
1202 3
1203 4
1204 5
1205 8
1206 8
1207 1
1208 8
1209 1
1210 2
1211 3
1212 1
1213 4
1214 6
1215 9
1216 0
1217 6
1218 9
1219 4
1220 3
1221 5
1222 8
1223 6
1224 4
1225 2
1226 8
1227 1
1228 7
1229 8
1230 7
1231 3
1232 5
1233 3
1234 7
1235 0
1236 3
1237 0
1238 8
1239 5
1240 0
1241 7
1242 3
1243 2
1244 2
1245 7
1246 9
1247 9
1248 1
1249 4
1250 9
1251 5
1252 0
1253 4
1254 7
1255 9
1256 6
1257 9
1258 7
1259 0
1260 3
1261 6
1262 7
1263 5
1264 5
1265 1
1266 5
1267 5
1268 5
1269 5
1270 9
1271 8
1272 4
1273 5
1274 7
1275 8
1276 6
1277 5
1278 1
1279 0
1280 6
1281 6
1282 8
1283 6
1284 8
1285 9
1286 8
1287 4
1288 1
1289 4
1290 9
1291 6
1292 4
1293 7
1294 8
1295 4
1296 1
1297 3
1298 5
1299 1
1300 3
1301 3
1302 8
1303 9
1304 8
1305 1
1306 1
1307 9
1308 0
1309 4
1310 6
1311 6
1312 3
1313 5
1314 5
1315 9
1316 9
1317 0
1318 3
1319 6
1320 8
1321 4
1322 3
1323 7
1324 5
1325 3
1326 8
1327 6
1328 7
1329 1
1330 2
1331 2
1332 2
1333 2
1334 2
1335 0
1336 1
1337 4
1338 6
1339 9
1340 0
1341 7
1342 9
1343 9
1344 3
1345 6
1346 0
1347 5
1348 8
1349 1
1350 7
1351 4
1352 4
1353 5
1354 4
1355 6
1356 0
1357 0
1358 3
1359 0
1360 0
1361 9
